freq	db(AC.Vout1/(AC.VinPos-AC.VinNeg))
1.00000000000000000E-1	1.38145478724194870E-3
1.02329299228081516E-1	1.38145478724580562E-3
1.04712854805102440E-1	1.38145477186337162E-3
1.07151930523779826E-1	1.38145478725159032E-3
1.09647819614344666E-1	1.38145477187108501E-3
1.12201845430229796E-1	1.38145475649057969E-3
1.14815362149729361E-1	1.38145477188072685E-3
1.17489755494002002E-1	1.38145478726894555E-3
1.20226443461798649E-1	1.38145475650407801E-3
1.23026877081304198E-1	1.38145478727858695E-3
1.25892541179491801E-1	1.38145475651564809E-3
1.28824955169397892E-1	1.38145478728822879E-3
1.31825673855735048E-1	1.38145480267644771E-3
1.34896288259269936E-1	1.38145480268223286E-3
1.38038426460403740E-1	1.38145480268801779E-3
1.41253754462401782E-1	1.38145480269573095E-3
1.44543977074730678E-1	1.38145481808587833E-3
1.47910838816970713E-1	1.38145475655807193E-3
1.51356124843783313E-1	1.38145478733450955E-3
1.54881661891423628E-1	1.38145477195786048E-3
1.58489319246300386E-1	1.38145480273236965E-3
1.62181009736096104E-1	1.38145475658892569E-3
1.65958690743973825E-1	1.38145478736729155E-3
1.69824365246407405E-1	1.38145475660628048E-3
1.73780082875186315E-1	1.38145475661592254E-3
1.77827941004157442E-1	1.38145477200992639E-3
1.81970085861280517E-1	1.38145478740585825E-3
1.86208713666586601E-1	1.38145475664677586E-3
1.90546071796642913E-1	1.38145480280950350E-3
1.94984459976141755E-1	1.38145478744056849E-3
1.99526231497244932E-1	1.38145481821893434E-3
2.04173794467330438E-1	1.38145478746563710E-3
2.08929613085802668E-1	1.38145478748106365E-3
2.13796208950643996E-1	1.38145477211020018E-3
2.18776162395398899E-1	1.38145477212562717E-3
2.23872113857301303E-1	1.38145475675861995E-3
2.29086765277269189E-1	1.38145477215840917E-3
2.34422881532509519E-1	1.38145477217769241E-3
2.39883291902492735E-1	1.38145477219504742E-3
2.45470891569074023E-1	1.38145480298112688E-3
2.51188643151557267E-1	1.38145477223554303E-3
2.57039578277514913E-1	1.38145480302355050E-3
2.63026799190197025E-1	1.38145478766232843E-3
2.69153480393381761E-1	1.38145478768546859E-3
2.75422870334539338E-1	1.38145478771053742E-3
2.81838293127201700E-1	1.38145480311803959E-3
2.88403150313451739E-1	1.38145478776260267E-3
2.95120922667465768E-1	1.38145477240523729E-3
3.01995172041066073E-1	1.38145474166543858E-3
3.09029543252262062E-1	1.38145478784937836E-3
3.16227766017780842E-1	1.38145480326459369E-3
3.23593656930612417E-1	1.38145478791494214E-3
3.31131121483617941E-1	1.38145477256529037E-3
3.38844156140273522E-1	1.38145475721756705E-3
3.46736850453648238E-1	1.38145474186984352E-3
3.54813389234739196E-1	1.38145480344585847E-3
3.63078054771313852E-1	1.38145478810584832E-3
3.71535229098435460E-1	1.38145474199711460E-3
3.80189396321876227E-1	1.38145480357698647E-3
3.89045144995649483E-1	1.38145478824276147E-3
3.98107170554921730E-1	1.38145477291046448E-3
4.07380277805594648E-1	1.38145478834689217E-3
4.16869383471876720E-1	1.38145478840281410E-3
4.26579518803195246E-1	1.38145471154271116E-3
4.36515832241831969E-1	1.38145477313993803E-3
4.46683592152694509E-1	1.38145477320164556E-3
4.57088189616673990E-1	1.38145475788477556E-3
4.67735141289066991E-1	1.38145474256983425E-3
4.78630092324579248E-1	1.38145478879812567E-3
4.89778819370461527E-1	1.38145478887525952E-3
5.01187233629364481E-1	1.38145480433868384E-3
5.12861383993536357E-1	1.38145477365287883E-3
5.24807460252025937E-1	1.38145478912594477E-3
5.37031796372590620E-1	1.38145478922043363E-3
5.49540873860049572E-1	1.38145482008364717E-3
5.62341325192864172E-1	1.38145478941519717E-3
5.75439937339764995E-1	1.38145477413689433E-3
5.88843655358292839E-1	1.38145480501553397E-3
6.02559586077160514E-1	1.38145480513316321E-3
6.16595001864387005E-1	1.38145482063708291E-3
6.30957344483203375E-1	1.38145477461512467E-3
6.45654229037774208E-1	1.38145477474818068E-3
6.60693448010826767E-1	1.38145477488702140E-3
6.76082975395328134E-1	1.38145479041793795E-3
6.91830970922402066E-1	1.38145480595463965E-3
7.07945784387726462E-1	1.38145482149712606E-3
7.24435960078705499E-1	1.38145479089809675E-3
7.41310241304763640E-1	1.38145479107164815E-3
7.58577575033164742E-1	1.38145477587240717E-3
7.76247116632811629E-1	1.38145482221640004E-3
7.94328234728544746E-1	1.38145479165208118E-3
8.12830516168510364E-1	1.38145480724663328E-3
8.31763771107234362E-1	1.38145482285082677E-3
8.51138038207096947E-1	1.38145479231543278E-3
8.70963589960962992E-1	1.38145479256033288E-3
8.91250938138794702E-1	1.38145483896603238E-3
9.12010839361130898E-1	1.38145479307905883E-3
9.33254300802389380E-1	1.38145480874688786E-3
9.54992586027017154E-1	1.38145479365177848E-3
9.77237220961580100E-1	1.38145482472132453E-3
1.00000000000596345E0	1.38145480965899647E-3
1.02329299228691761E0	1.38145479461209564E-3
1.04712854805726896E0	1.38145479496112644E-3
1.07151930524418804E0	1.38145481071380294E-3
1.09647819614998543E0	1.38145481109947266E-3
1.12201845430898928E0	1.38145478073570205E-3
1.14815362150414080E0	1.38145479653851488E-3
1.17489755494702663E0	1.38145482774690298E-3
1.20226443462515631E0	1.38145481282727300E-3
1.23026877082037878E0	1.38145479792499781E-3
1.25892541180242579E0	1.38145481381651525E-3
1.28824955170166167E0	1.38145482973117328E-3
1.31825673856521197E0	1.38145478413345124E-3
1.34896288260074404E0	1.38145476933530720E-3
1.38038426461226926E0	1.38145475455837508E-3
1.41253754463244152E0	1.38145477058294852E-3
1.44543977075592656E0	1.38145483278374859E-3
1.47910838817852763E0	1.38145478733450955E-3
1.51356124844685902E0	1.38145478806535316E-3
1.54881661892347267E0	1.38145478883283612E-3
1.58489319247245541E0	1.38145482040375267E-3
1.62181009737063286E0	1.38145477509335479E-3
1.65958690744963500E0	1.38145477597653832E-3
1.69824365247420128E0	1.38145477689828877E-3
1.73780082876222619E0	1.38145479324875353E-3
1.77827941005217882E0	1.38145479425920747E-3
1.81970085862365671E0	1.38145479531979953E-3
1.86208713667697023E0	1.38145479642667102E-3
1.90546071797779204E0	1.38145478220510309E-3
1.94984459977304536E0	1.38145479880239619E-3
1.99526231498434803E0	1.38145483084383014E-3
2.04173794468547998E0	1.38145480140952293E-3
2.08929613087048649E0	1.38145477204077971E-3
2.13796208951918976E0	1.38145478888490159E-3
2.18776162396703588E0	1.38145483656716750E-3
2.23872113858636368E0	1.38145479201846721E-3
2.29086765278635340E0	1.38145479369805835E-3
2.34422881533907512E0	1.38145481083721755E-3
2.39883291903923279E0	1.38145482806315201E-3
2.45470891570537875E0	1.38145479922663261E-3
2.51188643153055224E0	1.38145480123982844E-3
2.57039578279047776E0	1.38145481873958831E-3
2.63026799191765637E0	1.38145479018267947E-3
2.69153480394986966E0	1.38145479249862602E-3
2.75422870336181935E0	1.38145477954205420E-3
2.81838293128882578E0	1.38145476670118339E-3
2.88403150315171741E0	1.38145481551346205E-3
2.95120922669225827E0	1.38145478753120043E-3
3.01995172042867166E0	1.38145477506057301E-3
3.09029543254105121E0	1.38145477811700501E-3
3.16227766019666845E0	1.38145482746729220E-3
3.23593656932542384E0	1.38145483081683307E-3
3.31131121485592850E0	1.38145480355577455E-3
3.38844156142294439E0	1.38145477646055381E-3
3.46736850455716228E0	1.38145484184312806E-3
3.54813389236855370E0	1.38145483048322881E-3
3.63078054773479320E0	1.38145478854744019E-3
3.71535229100651376E0	1.38145482373208184E-3
3.80189396324143747E0	1.38145482835433242E-3
3.89045144997969805E0	1.38145481781205315E-3
3.98107170557296142E0	1.38145479211102784E-3
4.07380277808024438E0	1.38145479742169908E-3
4.16869383474363087E0	1.38145478759676443E-3
4.26579518805739610E0	1.38145483957153425E-3
4.36515832244435575E0	1.38145481489253341E-3
4.46683592155358777E0	1.38145482127922326E-3
4.57088189619400342E0	1.38145482795902108E-3
4.67735141291856849E0	1.38145480419020106E-3
4.78630092327434031E0	1.38145484228471993E-3
4.89778819373382834E0	1.38145483457325513E-3
5.01187233632353824E0	1.38145481183995833E-3
5.12861383996595332E0	1.38145482025527011E-3
5.24807460255156233E0	1.38145482906203654E-3
5.37031796375793835E0	1.38145483828532556E-3
5.49540873863327484E0	1.38145481717955465E-3
5.62341325196218378E0	1.38145484267810303E-3
5.75439937343197272E0	1.38145483788615797E-3
5.88843655361805141E0	1.38145484897415982E-3
6.02559586080754617E0	1.38145479905308122E-3
6.16595001868064774E0	1.38145487274683698E-3
6.30957344486966853E0	1.38145483932856217E-3
6.45654229041625438E0	1.38145485266309009E-3
6.60693448014767704E0	1.38145480509266827E-3
6.76082975399360819E0	1.38145485047634331E-3
6.91830970926528721E0	1.38145480424997968E-3
7.07945784391949218E0	1.38145483566662897E-3
7.24435960083026487E0	1.38145485244904354E-3
7.41310241309185347E0	1.38145482387670793E-3
7.58577575037689389E0	1.38145487305151571E-3
7.76247116637441792E0	1.38145484617419845E-3
7.94328234733282734E0	1.38145485097000043E-3
8.12830516173358575E0	1.38145487210084017E-3
8.31763771112195549E0	1.38145486346376867E-3
8.51138038212173598E0	1.38145487124850996E-3
8.70963589966157947E0	1.38145488012855377E-3
8.91250938144110805E0	1.38145484399902152E-3
9.12010839366570814E0	1.38145490137316584E-3
9.33254300807956128E0	1.38145488307699793E-3
9.54992586032713398E0	1.38145492763341204E-3
9.77237220967409037E0	1.38145488125470894E-3
1.00000000001192824E1	1.38145491324214942E-3
1.02329299229302118E1	1.38145488519818116E-3
1.04712854806351485E1	1.38145492026905004E-3
1.07151930525057959E1	1.38145495699444165E-3
1.09647819615652575E1	1.38145488776095560E-3
1.12201845431568192E1	1.38145495879359070E-3
1.14815362151098932E1	1.38145493942140440E-3
1.17489755495403481E1	1.38145493742170711E-3
1.20226443463232768E1	1.38145498365385566E-3
1.23026877082771713E1	1.38145497052951827E-3
1.25892541180993511E1	1.38145497507077808E-3
1.28824955170934596E1	1.38145498200126138E-3
1.31825673857307546E1	1.38145500681717470E-3
1.34896288260879071E1	1.38145500348306061E-3
1.38038426462050334E1	1.38145501827927619E-3
1.41253754464086745E1	1.38145500518000675E-3
1.44543977076454899E1	1.38145502585189983E-3
1.47910838818735080E1	1.38145501890984623E-3
1.51356124845588758E1	1.38145509218322138E-3
1.54881661893271150E1	1.38145506122166251E-3
1.58489319248190941E1	1.38145508002884276E-3
1.62181009738030713E1	1.38145514877638487E-3
1.65958690745953485E1	1.38145511379807684E-3
1.69824365248433184E1	1.38145511373829777E-3
1.73780082877259257E1	1.38145513341323456E-3
1.77827941006278678E1	1.38145518840779746E-3
1.81970085863451159E1	1.38145517124742656E-3
1.86208713668807802E1	1.38145522061892612E-3
1.90546071798915873E1	1.38145521367301560E-3
1.94984459978467650E1	1.38145524297426681E-3
1.99526231499625029E1	1.38145527800849699E-3
2.04173794469765912E1	1.38145527288873238E-3
2.08929613088294897E1	1.38145528943588869E-3
2.13796208953194267E1	1.38145529718206350E-3
2.18776162398008589E1	1.38145532719680331E-3
2.23872113859971744E1	1.38145539519807459E-3
2.29086765280001847E1	1.38145539383858895E-3
2.34422881535305860E1	1.38145546192085122E-3
2.39883291905354223E1	1.38145555367551576E-3
2.45470891572002170E1	1.38145554640949975E-3
2.51188643154553626E1	1.38145557899665627E-3
2.57039578280581082E1	1.38145557494712490E-3
2.63026799193334648E1	1.38145565777160906E-3
2.69153480396592482E1	1.38145565872228482E-3
2.75422870337824843E1	1.38145570136577711E-3
2.81838293130563766E1	1.38145574005615579E-3
2.88403150316892098E1	1.38145577533721453E-3
2.95120922670986285E1	1.38145580777396004E-3
3.01995172044668614E1	1.38145582256631894E-3
3.09029543255948536E1	1.38145594341590150E-3
3.16227766021553158E1	1.38145603250751736E-3
3.23593656934472573E1	1.38145607513751090E-3
3.31131121487567981E1	1.38145611817052982E-3
3.38844156144315622E1	1.38145619311192691E-3
3.46736850457784485E1	1.38145625459345256E-3
3.54813389238971855E1	1.38145633420145186E-3
3.63078054775645054E1	1.38145638663131143E-3
3.71535229102867515E1	1.38145645893472757E-3
3.80189396326411488E1	1.38145650589000657E-3
3.89045145000290393E1	1.38145666693986424E-3
3.98107170559670731E1	1.38145669697003104E-3
4.07380277810454317E1	1.38145679704166136E-3
4.16869383476849542E1	1.38145693750640186E-3
4.26579518808283975E1	1.38145699648686060E-3
4.36515832247039182E1	1.38145706751178188E-3
4.46683592158023135E1	1.38145722879496935E-3
4.57088189622126784E1	1.38145735862101304E-3
4.67735141294646706E1	1.38145745840531942E-3
4.78630092330288903E1	1.38145756039951317E-3
4.89778819376304142E1	1.38145772769336239E-3
5.01187233635343166E1	1.38145782346091983E-3
5.12861383999654308E1	1.38145800324468015E-3
5.24807460258286440E1	1.38145813037103582E-3
5.37031796378996962E1	1.38145831440101952E-3
5.49540873866605217E1	1.38145844960136910E-3
5.62341325199572495E1	1.38145863032809202E-3
5.75439937346629460E1	1.38145878179984383E-3
5.88843655365317264E1	1.38145901395175663E-3
6.02559586084348631E1	1.38145919068872725E-3
6.16595001871742543E1	1.38145939138735208E-3
6.30957344490730243E1	1.38145963401212435E-3
6.45654229045476491E1	1.38145989049593521E-3
6.60693448018708374E1	1.38146010213022286E-3
6.76082975403393327E1	1.38146034879488466E-3
6.91830970930655109E1	1.38146057206482542E-3
7.07945784396171707E1	1.38146083671326214E-3
7.24435960087347297E1	1.38146116152616338E-3
7.41310241313606788E1	1.38146147314723455E-3
7.58577575042213859E1	1.38146179068062080E-3
7.76247116642071511E1	1.38146207189356884E-3
7.94328234738020278E1	1.38146245931415113E-3
8.12830516178206608E1	1.38146281877754129E-3
8.31763771117156558E1	1.38146320091637786E-3
8.51138038217250070E1	1.38146356426924632E-3
8.70963589971352725E1	1.38146400605574993E-3
8.91250938149426375E1	1.38146437758481477E-3
9.12010839372010373E1	1.38146488423323865E-3
9.33254300813522342E1	1.38146539319182327E-3
9.54992586038409286E1	1.38146584883543699E-3
9.77237220973237797E1	1.38146636503689813E-3
1.00000000001789258E2	1.38146694827352734E-3
1.02329299229912452E2	1.38146749764257759E-3
1.04712854806976030E2	1.38146814332105006E-3
1.07151930525697048E2	1.38146872352438810E-3
1.09647819616306541E2	1.38146939988480932E-3
1.12201845432237390E2	1.38147004209804058E-3
1.14815362151783718E2	1.38147081255221238E-3
1.17489755496104209E2	1.38147155095530860E-3
1.20226443463949817E2	1.38147231283411598E-3
1.23026877083505459E2	1.38147318491223814E-3
1.25892541181744355E2	1.38147403900272825E-3
1.28824955171702937E2	1.38147493201307014E-3
1.31825673858093784E2	1.38147593673262370E-3
1.34896288261683628E2	1.38147686496617395E-3
1.38038426462873653E2	1.38147792904607014E-3
1.41253754464929249E2	1.38147901882699164E-3
1.44543977077317010E2	1.38148017862045069E-3
1.47910838819617285E2	1.38148133029363507E-3
1.51356124846491524E2	1.38148262714444314E-3
1.54881661894194922E2	1.38148394625995907E-3
1.58489319249136229E2	1.38148525776042774E-3
1.62181009738998005E2	1.38148673253221066E-3
1.65958690746943271E2	1.38148824996098374E-3
1.69824365249446041E2	1.38148981335772114E-3
1.73780082878295694E2	1.38149142688958304E-3
1.77827941007339274E2	1.38149318797672116E-3
1.81970085864536446E2	1.38149499499711270E-3
1.86208713669918380E2	1.38149690118281065E-3
1.90546071800052319E2	1.38149885314170984E-3
1.94984459979630609E2	1.38150096781462928E-3
1.99526231500815032E2	1.38150314791640305E-3
2.04173794470983649E2	1.38150540507111330E-3
2.08929613089541011E2	1.38150778295199084E-3
2.13796208954469424E2	1.38151029578831630E-3
2.18776162399313368E2	1.38151289766804730E-3
2.23872113861306943E2	1.38151566721765429E-3
2.29086765281368177E2	1.38151843844685107E-3
2.34422881536703986E2	1.38152153925967980E-3
2.39883291906784857E2	1.38152466849250244E-3
2.45470891573466110E2	1.38152794210268226E-3
2.51188643156051672E2	1.38153144712621412E-3
2.57039578282113990E2	1.38153502637186643E-3
2.63026799194903260E2	1.38153880159168851E-3
2.69153480398197686E2	1.38154275818615391E-3
2.75422870339467440E2	1.38154688375791368E-3
2.81838293132244644E2	1.38155124517243988E-3
2.88403150318612145E2	1.38155575785045315E-3
2.95120922672746300E2	1.38156053977215088E-3
3.01995172046469618E2	1.38156549617850399E-3
3.09029543257791506E2	1.38157078124866239E-3
3.16227766023439072E2	1.38157619825254363E-3
3.23593656936402407E2	1.38158192271611324E-3
3.31131121489542801E2	1.38158793338704489E-3
3.38844156146336406E2	1.38159424310813606E-3
3.46736850459852386E2	1.38160077594103603E-3
3.54813389241087851E2	1.38160764422359517E-3
3.63078054777810388E2	1.38161484106196797E-3
3.71535229105083298E2	1.38162244050665239E-3
3.80189396328678919E2	1.38163029006772931E-3
3.89045145002610671E2	1.38163854934686414E-3
3.98107170562045010E2	1.38164727488322381E-3
4.07380277812883929E2	1.38165631266542288E-3
4.16869383479335731E2	1.38166585221537552E-3
4.26579518810828073E2	1.38167578067457564E-3
4.36515832249642521E2	1.38168620611536586E-3
4.46683592160687049E2	1.38169708858815588E-3
4.57088189624852781E2	1.38170847115681483E-3
4.67735141297436208E2	1.38172044941534367E-3
4.78630092333143420E2	1.38173294103870070E-3
4.89778819379225183E2	1.38174610145753007E-3
5.01187233638332241E2	1.38175980110225916E-3
5.12861384002713017E2	1.38177413348812950E-3
5.24807460261416381E2	1.38178923090753325E-3
5.37031796382199822E2	1.38180501870061168E-3
5.49540873869882684E2	1.38182149252857744E-3
5.62341325202926345E2	1.38183879575254043E-3
5.75439937350061381E2	1.38185688138829343E-3
5.88843655368829211E2	1.38187585102892396E-3
6.02559586087942289E2	1.38189570914240845E-3
6.16595001875419957E2	1.38191647130400863E-3
6.30957344494493277E2	1.38193822623122942E-3
6.45654229049327189E2	1.38196098249364208E-3
6.60693448022648955E2	1.38198485368636903E-3
6.76082975407425568E2	1.38200984367380997E-3
6.91830970934781231E2	1.38203601642311780E-3
7.07945784400394018E2	1.38206340435559882E-3
7.24435960091667930E2	1.38209203982892137E-3
7.41310241318028140E2	1.38212206352377809E-3
7.58577575046738151E2	1.38215352522238821E-3
7.76247116646701318E2	1.38218649225879342E-3
7.94328234742758088E2	1.38222097344552708E-3
8.12830516183054463E2	1.38225705841218716E-3
8.31763771122117390E2	1.38229488775268061E-3
8.51138038222326543E2	1.38233446928450743E-3
8.70963589976547325E2	1.38237595608376518E-3
8.91250938154742123E2	1.38241935511176250E-3
9.12010839377449756E2	1.38246485147252351E-3
9.33254300819088556E2	1.38251240947614984E-3
9.54992586044105174E2	1.38256223543848522E-3
9.77237220979066201E2	1.38261444048054183E-3
1.00000000002385692E3	1.38266908786558762E-3
1.02329299230522763E3	1.38272634842399156E-3
1.04712854807600553E3	1.38278625565110480E-3
1.07151930526336114E3	1.38284899964919417E-3
1.09647819616960485E3	1.38291472866765508E-3
1.12201845432906566E3	1.38298351990975621E-3
1.14815362152468459E3	1.38305556601158974E-3
1.17489755496804915E3	1.38313100750913787E-3
1.20226443464666866E3	1.38320998099104475E-3
1.23026877084239206E3	1.38329269793718890E-3
1.25892541182495199E3	1.38337938520601167E-3
1.28824955172471256E3	1.38347001045900031E-3
1.31825673858879977E3	1.38356502277929727E-3
1.34896288262488140E3	1.38366447810041260E-3
1.38038426463696906E3	1.38376856496253309E-3
1.41253754465771664E3	1.38387765307023614E-3
1.44543977078179031E3	1.38399183463884734E-3
1.47910838820499380E3	1.38411143485121002E-3
1.51356124847394158E3	1.38423658428515806E-3
1.54881661895118627E3	1.38436772954767573E-3
1.58489319250081451E3	1.38450497508743631E-3
1.62181009739965210E3	1.38464873291873491E-3
1.65958690747933058E3	1.38479923371595692E-3
1.69824365250458831E3	1.38495690008380690E-3
1.73780082879332132E3	1.38512193493417701E-3
1.77827941008399826E3	1.38529477182662641E-3
1.81970085865621733E3	1.38547574097088488E-3
1.86208713671028936E3	1.38566524292466786E-3
1.90546071801188721E3	1.38586366091557789E-3
1.94984459980793479E3	1.38607142764097135E-3
1.99526231502005014E3	1.38628904583184753E-3
2.04173794472201342E3	1.38651681650244551E-3
2.08929613090787081E3	1.38675539884583232E-3
2.13796208955744493E3	1.38700521605421656E-3
2.18776162400618190E3	1.38726681566531007E-3
2.23872113862642141E3	1.38754069126735380E-3
2.29086765282734461E3	1.38782752037997636E-3
2.34422881538102112E3	1.38812783289807840E-3
2.39883291908215535E3	1.38844232665420808E-3
2.45470891574930139E3	1.38877164456143420E-3
2.51188643157549851E3	1.38911647486808087E-3
2.57039578283647074E3	1.38947752946573777E-3
2.63026799196472050E3	1.38985559882783027E-3
2.69153480399803025E3	1.39025156157611329E-3
2.75422870341110126E3	1.39066605612184802E-3
2.81838293133925566E3	1.39110016793995639E-3
2.88403150320332191E3	1.39155476348926266E-3
2.95120922674506492E3	1.39203074790317483E-3
3.01995172048270799E3	1.39252913846348170E-3
3.09029543259634565E3	1.39305106186590022E-3
3.16227766025325163E3	1.39359758214603247E-3
3.23593656938332463E3	1.39416982297502035E-3
3.31131121491517755E3	1.39476901253208663E-3
3.38844156148357367E3	1.39539651374862750E-3
3.46736850461920421E3	1.39605353228341911E-3
3.54813389243204114E3	1.39674153344042518E-3
3.63078054779975901E3	1.39746192099127220E-3
3.71535229107299259E3	1.39821628599915759E-3
3.80189396330946483E3	1.39900620990197377E-3
3.89045145004930992E3	1.39983333911409558E-3
3.98107170564419466E3	1.40069942055794971E-3
4.07380277815313629E3	1.40160636231801528E-3
4.16869383481822098E3	1.40255603309871080E-3
4.26579518813372438E3	1.40355043208630326E-3
4.36515832252246128E3	1.40459171512985037E-3
4.46683592163351317E3	1.40568207277138346E-3
4.57088189627579045E3	1.40682376733550729E-3
4.67735141300226065E3	1.40801930681556398E-3
4.78630092335998292E3	1.40927116733862023E-3
4.89778819382146491E3	1.41058200948670831E-3
5.01187233641321495E3	1.41195461862399352E-3
5.12861384005771992E3	1.41339194820509384E-3
5.24807460264546677E3	1.41489693067006983E-3
5.37031796385402949E3	1.41647287184575710E-3
5.49540873873160507E3	1.41812306565704627E-3
5.62341325206280462E3	1.41985103655748768E-3
5.75439937353493569E3	1.42166039740822425E-3
5.88843655372341335E3	1.42355502732634420E-3
6.02559586091536303E3	1.42553892591919507E-3
6.16595001879097548E3	1.42761629386138367E-3
6.30957344498256667E3	1.42979154803155195E-3
6.45654229053178152E3	1.43206929803991567E-3
6.60693448026589447E3	1.43445434205263966E-3
6.76082975411457987E3	1.43695178991333039E-3
6.91830970938907619E3	1.43956687010017048E-3
7.07945784404616507E3	1.44230520551355434E-3
7.24435960095988918E3	1.44517251779553924E-3
7.41310241322449581E3	1.44817492642879531E-3
7.58577575051262709E3	1.45131877879105509E-3
7.76247116651331215E3	1.45461073932363627E-3
7.94328234747495809E3	1.45805780233580462E-3
8.12830516187902674E3	1.46166723903361606E-3
8.31763771127078577E3	1.46544671444808783E-3
8.51138038227403193E3	1.46940422284739736E-3
8.70963589981742281E3	1.47354817226474033E-3
8.91250938160057871E3	1.47788732868598527E-3
9.12010839382889316E3	1.48243085411397391E-3
9.33254300824654948E3	1.48718841992006245E-3
9.54992586049801062E3	1.49217007068152574E-3
9.77237220984894961E3	1.49738635396952935E-3
1.00000000002982103E4	1.50284833892041614E-3
1.02329299231133097E4	1.50856756447496876E-3
1.04712854808225120E4	1.51455614406586503E-3
1.07151930526975203E4	1.52082676084530988E-3
1.09647819617614495E4	1.52739268280089480E-3
1.12201845433575786E4	1.53426781059054940E-3
1.14815362153153311E4	1.54146668717108515E-3
1.17489755497505688E4	1.54900455571295792E-3
1.20226443465383959E4	1.55689736001384227E-3
1.23026877084972996E4	1.56516179264676536E-3
1.25892541183246065E4	1.57381533291998088E-3
1.28824955173239641E4	1.58287629442138300E-3
1.31825673859666237E4	1.59236382784633390E-3
1.34896288263292696E4	1.60229798917839217E-3
1.38038426464520203E4	1.61269979370130012E-3
1.41253754466614145E4	1.62359122104226872E-3
1.44543977079041119E4	1.63499528841181796E-3
1.47910838821381563E4	1.64693608675482772E-3
1.51356124848296902E4	1.65943885556571891E-3
1.54881661896042377E4	1.67252998233815608E-3
1.58489319251026695E4	1.68623713821118670E-3
1.62181009740932547E4	1.70058923693939601E-3
1.65958690748922844E4	1.71561659761420859E-3
1.69824365251471709E4	1.73135091810006037E-3
1.73780082880368592E4	1.74782539284325544E-3
1.77827941009460422E4	1.76507479192422290E-3
1.81970085866707021E4	1.78313547151736707E-3
1.86208713672139470E4	1.80204551000194590E-3
1.90546071802325168E4	1.82184477342003337E-3
1.94984459981956393E4	1.84257496487276407E-3
1.99526231503194995E4	1.86427975311367877E-3
2.04173794473419079E4	1.88700483809325181E-3
2.08929613092033239E4	1.91079805064377606E-3
2.13796208957019562E4	1.93570945860634258E-3
2.18776162401923013E4	1.96179145118348552E-3
2.23872113863977340E4	1.98909886305614725E-3
2.29086765284100746E4	2.01768908758232257E-3
2.34422881539500239E4	2.04762217417525472E-3
2.39883291909646257E4	2.07896097628494836E-3
2.45470891576394168E4	2.11177125650418596E-3
2.51188643159047942E4	2.14612184004618278E-3
2.57039578285180026E4	2.18208473628689470E-3
2.63026799198040750E4	2.21973530070458036E-3
2.69153480401408274E4	2.25915236905757055E-3
2.75422870342752812E4	2.30041843916099120E-3
2.81838293135606488E4	2.34361980580170615E-3
2.88403150322052282E4	2.38884676408335395E-3
2.95120922676266551E4	2.43619376677490074E-3
3.01995172050071847E4	2.48575963155049795E-3
3.09029543261477668E4	2.53764771628216312E-3
3.16227766027211121E4	2.59196613477548965E-3
3.23593656940262386E4	2.64882797317339502E-3
3.31131121493492708E4	2.70835150183997886E-3
3.38844156150378240E4	2.77066041445856071E-3
3.46736850463988366E4	2.83588406383145530E-3
3.54813389245320199E4	2.90415771176026949E-3
3.63078054782141280E4	2.97562279680325936E-3
3.71535229109515175E4	3.05042719496326686E-3
3.80189396333213958E4	3.12872551030823010E-3
3.89045145007251270E4	3.21067936428752709E-3
3.98107170566793789E4	3.29645770018463447E-3
4.07380277817743242E4	3.38623710620277185E-3
4.16869383484308287E4	3.48020213437126102E-3
4.26579518815916447E4	3.57854565093165888E-3
4.36515832254849379E4	3.68146918164387404E-3
4.46683592166015320E4	3.78918329071876414E-3
4.57088189630305131E4	3.90190794933443463E-3
4.67735141303015567E4	4.01987294078948754E-3
4.78630092338852720E4	4.14331825765346373E-3
4.89778819385067443E4	4.27249453262809720E-3
5.01187233644310659E4	4.40766347045721751E-3
5.12861384008830701E4	4.54909830034714613E-3
5.24807460267676440E4	4.69708423704736511E-3
5.37031796388605720E4	4.85191896602978368E-3
5.49540873876437885E4	5.01391312912988774E-3
5.62341325209634046E4	5.18339083939449630E-3
5.75439937356925491E4	5.36069019665390023E-3
5.88843655375853103E4	5.54616382482704218E-3
6.02559586095129784E4	5.74017942236587952E-3
6.16595001882774785E4	5.94312031543427377E-3
6.30957344502019346E4	6.15538603899200343E-3
6.45654229057028584E4	6.37739291569690092E-3
6.60693448030529673E4	6.60957464885528534E-3
6.76082975415489962E4	6.85238292705549146E-3
6.91830970943033474E4	7.10628803489645744E-3
7.07945784408838374E4	7.37177946333660206E-3
7.24435960100309195E4	7.64936653454689530E-3
7.41310241326870489E4	7.93957901852774484E-3
7.58577575055786468E4	8.24296775370417301E-3
7.76247116655960401E4	8.56010526202871702E-3
7.94328234752232731E4	8.89158635417212118E-3
8.12830516192749819E4	9.23802872824362531E-3
8.31763771132038698E4	9.60007354556327641E-3
8.51138038232479133E4	9.97838599056472120E-3
8.70963589986936348E4	1.03736558000118517E-2
8.91250938165373086E4	1.07865977609166186E-2
9.12010839388328520E4	1.12179521692847706E-2
9.33254300830220629E4	1.16684852321397448E-2
9.54992586055496595E4	1.21389894220298711E-2
9.77237220990722832E4	1.26302837546262925E-2
1.00000000003578493E5	1.31432139890947530E-2
1.02329299231743387E5	1.36786527349289821E-2
1.04712854808849598E5	1.42374994525747489E-2
1.07151930527614270E5	1.48206803299350987E-2
1.09647819618268416E5	1.54291480138298964E-2
1.12201845434244962E5	1.60638811853649432E-2
1.14815362153838030E5	1.67258839462232300E-2
1.17489755498206394E5	1.74161850006138130E-2
1.20226443466100963E5	1.81358365955448742E-2
1.23026877085706721E5	1.88859132003615371E-2
1.25892541183996909E5	1.96675098815913874E-2
1.28824955174007938E5	2.04817403380378238E-2
1.31825673860452453E5	2.13297345586205456E-2
1.34896288264097231E5	2.22126360525386524E-2
1.38038426465343456E5	2.31315985986520545E-2
1.41253754467456605E5	2.40877824642530980E-2
1.44543977079903252E5	2.50823500215524797E-2
1.47910838822263768E5	2.61164606976762137E-2
1.51356124849199647E5	2.71912651822943197E-2
1.54881661896966127E5	2.83078988008242849E-2
1.58489319251971983E5	2.94674739655202078E-2
1.62181009741899795E5	3.06710715971409176E-2
1.65958690749912696E5	3.19197314046817038E-2
1.69824365252484588E5	3.32144408889627840E-2
1.73780082881405029E5	3.45561229395837799E-2
1.77827941010521018E5	3.59456218639377889E-2
1.81970085867792331E5	3.73836876758793624E-2
1.86208713673250092E5	3.88709584617019166E-2
1.90546071803461636E5	4.04079406094085058E-2
1.94984459983119329E5	4.19949866751095868E-2
1.99526231504385043E5	4.36322706300806207E-2
2.04173794474636816E5	4.53197602171372793E-2
2.08929613093279221E5	4.70571861045322670E-2
2.13796208958294764E5	4.88440074941766689E-2
2.18776162403227881E5	5.06793738328480714E-2
2.23872113865312627E5	5.25620821945077221E-2
2.29086765285467076E5	5.44905299024184409E-2
2.34422881540898365E5	5.64626618939964864E-2
2.39883291911076935E5	5.84759122876367599E-2
2.45470891577858241E5	6.05271395627219100E-2
2.51188643160546077E5	6.26125547038459018E-2
2.57039578286713111E5	6.47276416028312784E-2
2.63026799199609451E5	6.68670689410570951E-2
2.69153480403013523E5	6.90245927140919946E-2
2.75422870344395454E5	7.11929484726028239E-2
2.81838293137287454E5	7.33637322833020722E-2
2.88403150323772373E5	7.55272693218904223E-2
2.95120922678026787E5	7.76724689253102518E-2
3.01995172051873118E5	7.97866648264488099E-2
3.09029543263320861E5	8.18554392097536976E-2
3.16227766029097257E5	8.38624291127758426E-2
3.23593656942192487E5	8.57891136020105982E-2
3.31131121495467706E5	8.76145800507307726E-2
3.38844156152399290E5	8.93152677421084107E-2
3.46736850466056534E5	9.08646869333206553E-2
3.54813389247436461E5	9.22331114235204552E-2
3.63078054784306881E5	9.33872426070107764E-2
3.71535229111731136E5	9.42898429412539230E-2
3.80189396335481566E5	9.48993367287951983E-2
3.89045145009571680E5	9.51693761399377536E-2
3.98107170569168289E5	9.50483704557695219E-2
4.07380277820173120E5	9.44789766373191675E-2
4.16869383486794653E5	9.33975495253917920E-2
4.26579518818460723E5	9.17335502708289141E-2
4.36515832257453162E5	8.94089120029551054E-2
4.46683592168679588E5	8.63373622983154476E-2
4.57088189633031394E5	8.24237027220292440E-2
4.67735141305805335E5	7.75630466441644550E-2
4.78630092341707503E5	7.16400176713254488E-2
4.89778819387988751E5	6.45279124600465348E-2
5.01187233647299912E5	5.60878333965756948E-2
5.12861384011889498E5	4.61677986965295517E-2
5.24807460270806736E5	3.46018399110978914E-2
5.37031796391808758E5	2.12090996624656603E-2
5.49540873879715441E5	5.79294568991048830E-3
5.62341325212988075E5	-1.18598790603279891E-2
5.75439937360357590E5	-3.19800465091108510E-2
5.88843655379365138E5	-5.48163455146539302E-2
6.02559586098723621E5	-8.06362631727795609E-2
6.16595001886452465E5	-1.09726407881575594E-1
6.30957344505782913E5	-1.42392732171011538E-1
6.45654229060879725E5	-1.78960509158947234E-1
6.60693448034470521E5	-2.19774013137697333E-1
6.76082975419522558E5	-2.65195852649702024E-1
6.91830970947160218E5	-3.15605903963689283E-1
7.07945784413061041E5	-3.71399794688837659E-1
7.24435960104630272E5	-4.32986891899799797E-1
7.41310241331292286E5	-5.00787757167608305E-1
7.58577575060311382E5	-5.75231042720521124E-1
7.76247116660590741E5	-6.56749818886619252E-1
7.94328234756970808E5	-7.45777343035388895E-1
8.12830516197598385E5	-8.42742304104558571E-1
8.31763771137000063E5	-9.48063603764840934E-1
8.51138038237555961E5	-1.06214476414194148E0
8.70963589992131482E5	-1.18536808113967451E0
8.91250938170689366E5	-1.31808866973851790E0
9.12010839393768435E5	-1.46062857087037212E0
9.33254300835787198E5	-1.61327110619541547E0
9.54992586061193016E5	-1.77625567513257288E0
9.77237220996552125E5	-1.94977318609198647E0
1.00000000004175016E6	-2.13396230003708887E0
1.02329299232353765E6	-2.32890663923759966E0
1.04712854809474232E6	-2.53463307841647634E0
1.07151930528253381E6	-2.75111119152323402E0
1.09647819618922471E6	-2.97825387808590314E0
1.12201845434914249E6	-3.21591914203494822E0
1.14815362154522926E6	-3.46391294684068862E0
1.17489755498907211E6	-3.72199302727513848E0
1.20226443466818123E6	-3.98987350304765531E0
1.23026877086440534E6	-4.26723011498551763E0
1.25892541184747797E6	-4.55370589133819159E0
1.28824955174776323E6	-4.84891705005956108E0
1.31825673861238757E6	-5.15245895155210576E0
1.34896288264901854E6	-5.46391193355098803E0
1.38038426466166819E6	-5.78284688337921082E0
1.41253754468299109E6	-6.10883043031004469E0
1.44543977080765362E6	-6.44142966994154165E0
1.47910838823145907E6	-6.78021636127748195E0
1.51356124850102391E6	-7.12477056401067088E0
1.54881661897889900E6	-7.47468370715938946E0
1.58489319252917271E6	-7.82956110001500960E0
1.62181009742867133E6	-8.18902391202902180E0
1.65958690750902571E6	-8.55271065985574985E0
1.69824365253497445E6	-8.92027824755270515E0
1.73780082882441533E6	-9.29140261039637672E0
1.77827941011581681E6	-9.66577901443202947E0
1.81970085868877685E6	-1.00431220633104279E1
1.86208713674360693E6	-1.04231654617284764E1
1.90546071804598149E6	-1.08056615813729917E1
1.94984459984282310E6	-1.11903808710977004E1
1.99526231505575069E6	-1.15771111485022260E1
2.04173794475854553E6	-1.19656568053934098E1
2.08929613094525379E6	-1.23558379550165354E1
2.13796208959569878E6	-1.27474895445830416E1
2.18776162404532704E6	-1.31404604525936941E1
2.23872113866647826E6	-1.35346125868194322E1
2.29086765286833449E6	-1.39298199955759472E1
2.34422881542296579E6	-1.43259680021183811E1
2.39883291912507790E6	-1.47229523695657316E1
2.45470891579322315E6	-1.51206785017282530E1
2.51188643162044301E6	-1.55190606835021838E1
2.57039578288246284E6	-1.59180213630997036E1
2.63026799201178330E6	-1.63174904772466745E1
2.69153480404618950E6	-1.67174048195753189E1
2.75422870346038229E6	-1.71177074517323868E1
2.81838293138968465E6	-1.75183471561835225E1
2.88403150325492641E6	-1.79192779292907156E1
2.95120922679787068E6	-1.83204585129528863E1
3.01995172053674343E6	-1.87218519629062707E1
3.09029543265164008E6	-1.91234252516609682E1
3.16227766030983393E6	-1.95251489039931658E1
3.23593656944122454E6	-1.99269966628976647E1
3.31131121497442527E6	-2.03289451839332314E1
3.38844156154420251E6	-2.07309737559412266E1
3.46736850468124524E6	-2.11330640461906683E1
3.54813389249552680E6	-2.15351998680886947E1
3.63078054786472304E6	-2.19373669696875506E1
3.71535229113946963E6	-2.23395528413212263E1
3.80189396337749042E6	-2.27417465408054165E1
3.89045145011892135E6	-2.31439385347377247E1
3.98107170571542657E6	-2.35461205545363672E1
4.07380277822602821E6	-2.39482854659511624E1
4.16869383489281109E6	-2.43504271508790149E1
4.26579518821004999E6	-2.47525404004024141E1
4.36515832260056591E6	-2.51546208180563369E1
4.46683592171343680E6	-2.55566647324093488E1
4.57088189635757480E6	-2.59586691181195528E1
4.67735141308594926E6	-2.63606315246956413E1
4.78630092344562108E6	-2.67625500122600224E1
4.89778819390909792E6	-2.71644230936695008E1
5.01187233650288988E6	-2.75662496824068315E1
5.12861384014948207E6	-2.79680290457067970E1
5.24807460273936677E6	-2.83697607624280224E1
5.37031796395011707E6	-2.87714446852259131E1
5.49540873882993086E6	-2.91730809066213403E1
5.62341325216342103E6	-2.95746697285971205E1
5.75439937363789600E6	-2.99762116353869867E1
5.88843655382877174E6	-3.03777072691529160E1
6.02559586102317546E6	-3.07791574082747044E1
6.16595001890130057E6	-3.11805629480008717E1
6.30957344509545948E6	-3.15819248832332011E1
6.45654229064730600E6	-3.19832442932389505E1
6.60693448038410924E6	-3.23845223281033956E1
6.76082975423554622E6	-3.27857601967531087E1
6.91830970951286162E6	-3.31869591563971289E1
7.07945784417283441E6	-3.35881205032460439E1
7.24435960108950638E6	-3.39892455643839986E1
7.41310241335713460E6	-3.43903356906794855E1
7.58577575064835408E6	-3.47913922506319739E1
7.76247116665220194E6	-3.51924166250616466E1
7.94328234761707996E6	-3.55934102025578181E1
8.12830516202446063E6	-3.59943743756106205E1
8.31763771141960540E6	-3.63953105373570551E1
8.51138038242632078E6	-3.67962200788800109E1
8.70963589997325904E6	-3.71971043870044094E1
8.91250938176004581E6	-3.75979648425402635E1
9.12010839399207462E6	-3.79988028189279836E1
9.33254300841353235E6	-3.83996196812445323E1
9.54992586066888371E6	-3.88004167855349191E1
9.77237221002379997E6	-3.92011954784356487E1
1.00000000004771361E7	-3.96019570970609536E1
1.02329299232964011E7	-4.00027029691257408E1
1.04712854810098688E7	-4.04034344132814827E1
1.07151930528892447E7	-4.08041527396443549E1
1.09647819619576370E7	-4.12048592504965949E1
1.12201845435583358E7	-4.16055552411448115E1
1.14815362155207623E7	-4.20062420009202064E1
1.17489755499607851E7	-4.24069208143077603E1
1.20226443467535082E7	-4.28075929621927820E1
1.23026877087174258E7	-4.32082597232146881E1
1.25892541185498574E7	-4.36089223752189881E1
1.28824955175544642E7	-4.40095821967997392E1
1.31825673862024972E7	-4.44102404689256591E1
1.34896288265706343E7	-4.48108984766438656E1
1.38038426466990072E7	-4.52115575108563217E1
1.41253754469141546E7	-4.56122188701645204E1
1.44543977081627406E7	-4.60128838627785353E1
1.47910838824028068E7	-4.64135538084876664E1
1.51356124851005047E7	-4.68142300406894130E1
1.54881661898813627E7	-4.72149139084752445E1
1.58489319253862537E7	-4.76156067787706849E1
1.62181009743834403E7	-4.80163100385285624E1
1.65958690751892357E7	-4.84170250969740490E1
1.69824365254510345E7	-4.88177533879004333E1
1.73780082883477971E7	-4.92184963720146840E1
1.77827941012642299E7	-4.96192555393321122E1
1.81970085869963016E7	-5.00200324116194306E1
1.86208713675471316E7	-5.04208285448854543E1
1.90546071805734618E7	-5.08216455319187776E1
1.94984459985445246E7	-5.12224850048717073E1
1.99526231506765117E7	-5.16233486378894124E1
2.04173794477072379E7	-5.20242381497833328E1
2.08929613095771582E7	-5.24251553067475218E1
2.13796208960845036E7	-5.28261019251163422E1
2.18776162405837615E7	-5.32270798741616069E1
2.23872113867983114E7	-5.36280910789269250E1
2.29086765288199867E7	-5.40291375230964288E1
2.34422881543694750E7	-5.44302212518947304E1
2.39883291913938512E7	-5.48313443750141882E1
2.45470891580786388E7	-5.52325090695649834E1
2.51188643163542391E7	-5.56337175830428787E1
2.57039578289779280E7	-5.60349722363084624E1
2.63026799202747075E7	-5.64362754265710009E1
2.69153480406224244E7	-5.68376296303689621E1
2.75422870347680959E7	-5.72390374065379959E1
2.81838293140649387E7	-5.76405013991563475E1
2.88403150327212732E7	-5.80420243404557556E1
2.95120922681547260E7	-5.84436090536851527E1
3.01995172055475569E7	-5.88452584559122549E1
3.09029543267007289E7	-5.92469755607467263E1
3.16227766032869440E7	-5.96487634809670197E1
3.23593656946052466E7	-6.00506254310301824E1
3.31131121499417702E7	-6.04525647294426616E1
3.38844156156441301E7	-6.08545848009671619E1
3.46736850470192559E7	-6.12566891786384815E1
3.54813389251669031E7	-6.16588815055581385E1
3.63078054788638038E7	-6.20611655364351833E1
3.71535229116163146E7	-6.24635451388372953E1
3.80189396340016827E7	-6.28660242941127123E1
3.89045145014212590E7	-6.32686070979406256E1
3.98107170573917291E7	-6.36712977604633501E1
4.07380277825032699E7	-6.40741006059502904E1
4.16869383491767387E7	-6.44770200719389397E1
4.26579518823549275E7	-6.48800607077944580E1
4.36515832262660197E7	-6.52832271726244961E1
4.46683592174007948E7	-6.56865242324811582E1
4.57088189638483833E7	-6.60899567567775126E1
4.67735141311384872E7	-6.64935297138405002E1
4.78630092347416980E7	-6.68972481655174800E1
4.89778819393831277E7	-6.73011172607477270E1
5.01187233653278419E7	-6.77051422280055437E1
5.12861384018007538E7	-6.81093283665155447E1
5.24807460277066973E7	-6.85136810361360471E1
5.37031796398215011E7	-6.89182056458004144E1
5.49540873886270909E7	-6.93229076404018674E1
5.62341325219696131E7	-6.97277924860016363E1
5.75439937367221965E7	-7.01328656532360917E1
5.88843655386389386E7	-7.05381325987941388E1
6.02559586105911649E7	-7.09435987448325989E1
6.16595001893808004E7	-7.13492694561938201E1
6.30957344513309515E7	-7.17551500152878230E1
6.45654229068581742E7	-7.21612455944998477E1
6.60693448042351683E7	-7.25675612259834502E1
6.76082975427587662E7	-7.29741017687007076E1
6.91830970955412816E7	-7.33808718725729925E1
7.07945784421506108E7	-7.37878759396101636E1
7.24435960113271893E7	-7.41951180818910139E1
7.41310241340135434E7	-7.46026020762770248E1
7.58577575069360144E7	-7.50103313157496565E1
7.76247116669850357E7	-7.54183087572758204E1
7.94328234766446251E7	-7.58265368661200778E1
8.12830516207294806E7	-7.62350175565408428E1
8.31763771146922082E7	-7.66437521288291368E1
8.51138038247709083E7	-7.70527412026727099E1
8.70963590002521215E7	-7.74619846468568074E1
8.91250938181321040E7	-7.78714815053439402E1
9.12010839404647733E7	-7.82812299198108974E1
9.33254300846919804E7	-7.86912270487604371E1
9.54992586072584615E7	-7.91014689833672424E1
9.77237221008209289E7	-7.95119506602656845E1
1.00000000000000000E8	-7.99226657705783516E1


