freq	db(AC.Vout1/(AC.VinPos-AC.VinNeg))
1.00000000000000000E-1	1.38184813396346540E-3
1.02329299228081516E-1	1.38184808777374268E-3
1.04712854805102440E-1	1.38184810317738749E-3
1.07151930523779826E-1	1.38184810318317219E-3
1.09647819614344666E-1	1.38184808779109747E-3
1.12201845430229796E-1	1.38184810319667117E-3
1.14815362149729361E-1	1.38184808780459623E-3
1.17489755494002002E-1	1.38184807241444996E-3
1.20226443461798649E-1	1.38184810321788243E-3
1.23026877081304198E-1	1.38184810322559626E-3
1.25892541179491801E-1	1.38184811863502599E-3
1.28824955169397892E-1	1.38184808784509139E-3
1.31825673855735048E-1	1.38184808785473345E-3
1.34896288259269936E-1	1.38184811866202306E-3
1.38038426460403740E-1	1.38184811867359314E-3
1.41253754462401782E-1	1.38184808788558677E-3
1.44543977074730678E-1	1.38184810329501628E-3
1.47910838816970713E-1	1.38184808790872693E-3
1.51356124843783313E-1	1.38184807252243713E-3
1.54881661891423628E-1	1.38184811873144331E-3
1.58489319246300386E-1	1.38184811874494207E-3
1.62181009736096104E-1	1.38184813415437135E-3
1.65958690743973825E-1	1.38184814956765822E-3
1.69824365246407405E-1	1.38184811878736524E-3
1.73780082875186315E-1	1.38184811880472069E-3
1.77827941004157442E-1	1.38184813421800712E-3
1.81970085861280517E-1	1.38184811883943093E-3
1.86208713666586601E-1	1.38184807266127807E-3
1.90546071796642913E-1	1.38184810347628151E-3
1.94984459976141755E-1	1.38184807270177346E-3
1.99526231497244932E-1	1.38184808812084525E-3
2.04173794467330438E-1	1.38184808814398541E-3
2.08929613085802668E-1	1.38184813436263321E-3
2.13796208950643996E-1	1.38184810358812560E-3
2.18776162395398899E-1	1.38184811901491056E-3
2.23872113857301303E-1	1.38184807284639977E-3
2.29086765277269189E-1	1.38184807287339684E-3
2.34422881532509519E-1	1.38184811909975780E-3
2.39883291902492735E-1	1.38184813452847144E-3
2.45470891569074023E-1	1.38184811916146510E-3
2.51188643151557267E-1	1.38184814999189509E-3
2.57039578277514913E-1	1.38184810383109724E-3
2.63026799190197025E-1	1.38184808847180451E-3
2.69153480393381761E-1	1.38184810390823110E-3
2.75422870334539338E-1	1.38184813474444601E-3
2.81838293127201700E-1	1.38184815018472995E-3
2.88403150313451739E-1	1.38184807323785463E-3
2.95120922667465768E-1	1.38184805788434639E-3
3.01995172041066073E-1	1.38184811952977959E-3
3.09029543252262062E-1	1.38184808878226884E-3
3.16227766017780842E-1	1.38184808883626253E-3
3.23593656930612417E-1	1.38184811968983223E-3
3.31131121483617941E-1	1.38184815054340215E-3
3.38844156140273522E-1	1.38184808901174216E-3
3.46736850453648238E-1	1.38184808907537726E-3
3.54813389234739196E-1	1.38184808914286972E-3
3.63078054771313852E-1	1.38184808921229019E-3
3.71535229098435460E-1	1.38184808928749581E-3
3.80189396321876227E-1	1.38184812016227765E-3
3.89045144995649483E-1	1.38184810484348031E-3
3.98107170554921730E-1	1.38184810492832755E-3
4.07380277805594648E-1	1.38184812041681959E-3
4.16869383471876720E-1	1.38184810511152056E-3
4.26579518803195246E-1	1.38184808980814977E-3
4.36515832241831969E-1	1.38184810530821212E-3
4.46683592152694509E-1	1.38184809001833964E-3
4.57088189616673990E-1	1.38184810552804338E-3
4.67735141289066991E-1	1.38184807484995309E-3
4.78630092324579248E-1	1.38184810576715877E-3
4.89778819370461527E-1	1.38184812129421819E-3
5.01187233629364481E-1	1.38184807523176634E-3
5.12861383993536357E-1	1.38184809077039539E-3
5.24807460252025937E-1	1.38184812171459814E-3
5.37031796372590620E-1	1.38184812186886585E-3
5.49540873860049572E-1	1.38184806043555097E-3
5.62341325192864172E-1	1.38184809140289344E-3
5.75439937339764995E-1	1.38184809157837352E-3
5.88843655358292839E-1	1.38184810716328288E-3
6.02559586077160514E-1	1.38184810735804597E-3
6.16595001864387005E-1	1.38184810755859444E-3
6.30957344483203375E-1	1.38184810777264078E-3
6.45654229037774208E-1	1.38184809259654129E-3
6.60693448010826767E-1	1.38184810822965942E-3
6.76082975395328134E-1	1.38184809307477141E-3
6.91830970922402066E-1	1.38184807793338194E-3
7.07945784387726462E-1	1.38184809359735405E-3
7.24435960078705499E-1	1.38184809388082108E-3
7.41310241304763640E-1	1.38184809417392973E-3
7.58577575033164742E-1	1.38184810988225371E-3
7.76247116632811629E-1	1.38184809480449977E-3
7.94328234728544746E-1	1.38184811053982060E-3
8.12830516168510364E-1	1.38184808009506033E-3
8.31763771107234362E-1	1.38184811126295104E-3
8.51138038207096947E-1	1.38184811165247723E-3
8.70963589960962992E-1	1.38184808125785441E-3
8.91250938138794702E-1	1.38184808168209083E-3
9.12010839361130898E-1	1.38184808212946764E-3
9.33254300802389380E-1	1.38184809799205954E-3
9.54992586027017154E-1	1.38184809847993151E-3
9.77237220961580100E-1	1.38184808359115530E-3
1.00000000000596345E0	1.38184813031888742E-3
1.02329299228691761E0	1.38184806928474080E-3
1.04712854805726896E0	1.38184811606646640E-3
1.07151930524418804E0	1.38184807048417313E-3
1.09647819614998543E0	1.38184810192396101E-3
1.12201845430898928E0	1.38184808719716612E-3
1.14815362150414080E0	1.38184811870058999E-3
1.17489755494702663E0	1.38184810403743086E-3
1.20226443462515631E0	1.38184810480876985E-3
1.23026877082037878E0	1.38184812101653587E-3
1.25892541180242579E0	1.38184809107121787E-3
1.28824955170166167E0	1.38184812275204938E-3
1.31825673856521197E0	1.38184810828365334E-3
1.34896288260074404E0	1.38184809385768093E-3
1.38038426461226926E0	1.38184814107135656E-3
1.41253754463244152E0	1.38184811133815710E-3
1.44543977075592656E0	1.38184808166280737E-3
1.47910838817852763E0	1.38184811362517745E-3
1.51356124844685902E0	1.38184811485160708E-3
1.54881661892347267E0	1.38184810073224185E-3
1.58489319247245541E0	1.38184810207437225E-3
1.62181009737063286E0	1.38184810348206644E-3
1.65958690744963500E0	1.38184807415767641E-3
1.69824365247420128E0	1.38184810649800283E-3
1.73780082876222619E0	1.38184806191459453E-3
1.77827941005217882E0	1.38184810980126294E-3
1.81970085862365671E0	1.38184808077191046E-3
1.86208713667697023E0	1.38184811342270120E-3
1.90546071797779204E0	1.38184808456689989E-3
1.94984459977304536E0	1.38184811739702651E-3
1.99526231498434803E0	1.38184808872441822E-3
2.04173794468547998E0	1.38184809095358840E-3
2.08929613087048649E0	1.38184810868282115E-3
2.13796208951918976E0	1.38184814192561456E-3
2.18776162396703588E0	1.38184809828709687E-3
2.23872113858636368E0	1.38184811636536020E-3
2.29086765278635340E0	1.38184808836767403E-3
2.34422881533907512E0	1.38184813750198399E-3
2.39883291903923279E0	1.38184815597941579E-3
2.45470891570537875E0	1.38184812840018090E-3
2.51188643153055224E0	1.38184810097521393E-3
2.57039578279047776E0	1.38184808911008794E-3
2.63026799191765637E0	1.38184810820651927E-3
2.69153480394986966E0	1.38184809667499775E-3
2.75422870336181935E0	1.38184810073224185E-3
2.81838293128882578E0	1.38184812037632443E-3
2.88403150315171741E0	1.38184809402544717E-3
2.95120922669225827E0	1.38184809868047997E-3
3.01995172042867166E0	1.38184810355148668E-3
3.09029543254105121E0	1.38184809325603619E-3
3.16227766019666845E0	1.38184808320162911E-3
3.23593656932542384E0	1.38184807339790705E-3
3.31131121485592850E0	1.38184812545559343E-3
3.38844156142294439E0	1.38184810079202069E-3
3.46736850455716228E0	1.38184813801685280E-3
3.54813389236855370E0	1.38184808314763519E-3
3.63078054773479320E0	1.38184809019767618E-3
3.71535229100651376E0	1.38184814377104370E-3
3.80189396324143747E0	1.38184807450092229E-3
3.89045144997969805E0	1.38184808259034275E-3
3.98107170557296142E0	1.38184812185729555E-3
4.07380277808024438E0	1.38184813072769686E-3
4.16869383474363087E0	1.38184809381525708E-3
4.26579518805739610E0	1.38184810354184506E-3
4.36515832244435575E0	1.38184812912716803E-3
4.46683592155358777E0	1.38184810899328547E-3
4.57088189619400342E0	1.38184810476056130E-3
4.67735141291856849E0	1.38184810105234779E-3
4.78630092327434031E0	1.38184811329735813E-3
4.89778819373382834E0	1.38184807991958047E-3
5.01187233632353824E0	1.38184813954217622E-3
5.12861383996595332E0	1.38184812280218638E-3
5.24807460255156233E0	1.38184810672169123E-3
5.37031796375793835E0	1.38184809133732989E-3
5.49540873863327484E0	1.38184809207781556E-3
5.62341325196218378E0	1.38184815517529458E-3
5.75439937343197272E0	1.38184808048265828E-3
5.88843655361805141E0	1.38184808361236700E-3
6.02559586080754617E0	1.38184810301733441E-3
6.16595001868064774E0	1.38184806173911445E-3
6.30957344486966853E0	1.38184812921201550E-3
6.45654229041625438E0	1.38184808989685348E-3
6.60693448014767704E0	1.38184808242836121E-3
6.76082975399360819E0	1.38184807606095594E-3
6.91830970926528721E0	1.38184810164049399E-3
7.07945784391949218E0	1.38184809762567307E-3
7.24435960083026487E0	1.38184807948184551E-3
7.41310241309185347E0	1.38184809344887083E-3
7.58577575037689389E0	1.38184807800858755E-3
7.76247116637441792E0	1.38184807941049681E-3
7.94328234733282734E0	1.38184808233387235E-3
8.12830516173358575E0	1.38184811764385485E-3
8.31763771112195549E0	1.38184809302463441E-3
8.51138038212173598E0	1.38184807014864086E-3
8.70963589966157947E0	1.38184807988872738E-3
8.91250938144110805E0	1.38184809154173505E-3
9.12010839366570814E0	1.38184808980043616E-3
9.33254300807956128E0	1.38184810554925530E-3
9.54992586032713398E0	1.38184806189916731E-3
9.77237220967409037E0	1.38184809753889759E-3
1.00000000001192824E1	1.38184810478370146E-3
1.02329299229302118E1	1.38184806835527696E-3
1.04712854806351485E1	1.38184808075841215E-3
1.07151930525057959E1	1.38184808052893882E-3
1.09647819615652575E1	1.38184808318234609E-3
1.12201845431568192E1	1.38184811966669208E-3
1.14815362151098932E1	1.38184806693215623E-3
1.17489755495403481E1	1.38184807910774587E-3
1.20226443463232768E1	1.38184806396635640E-3
1.23026877082771713E1	1.38184803706397186E-3
1.25892541180993511E1	1.38184810637073152E-3
1.28824955170934596E1	1.38184808727237241E-3
1.31825673857307546E1	1.38184807235467111E-3
1.34896288260879071E1	1.38184807721217995E-3
1.38038426462050334E1	1.38184805585958070E-3
1.41253754464086745E1	1.38184808549829174E-3
1.44543977076454899E1	1.38184808936655790E-3
1.47910838818735080E1	1.38184809849921475E-3
1.51356124845588758E1	1.38184806694372608E-3
1.54881661893271150E1	1.38184802576192345E-3
1.58489319248190941E1	1.38184806760900636E-3
1.62181009738030713E1	1.38184808499306455E-3
1.65958690745953485E1	1.38184807820335109E-3
1.69824365248433184E1	1.38184804755032897E-3
1.73780082877259257E1	1.38184802416139485E-3
1.77827941006278678E1	1.38184805457722937E-3
1.81970085863451159E1	1.38184809295521394E-3
1.86208713668807802E1	1.38184806268400528E-3
1.90546071798915873E1	1.38184805654221643E-3
1.94984459978467650E1	1.38184807494444239E-3
1.99526231499625029E1	1.38184804132754935E-3
2.04173794469765912E1	1.38184804853571475E-3
2.08929613088294897E1	1.38184806624373580E-3
2.13796208953194267E1	1.38184806414762140E-3
2.18776162398008589E1	1.38184802736823764E-3
2.23872113859971744E1	1.38184807963804168E-3
2.29086765280001847E1	1.38184799054642982E-3
2.34422881535305860E1	1.38184802246444827E-3
2.39883291905354223E1	1.38184797582734875E-3
2.45470891572002170E1	1.38184798988307822E-3
2.51188643154553626E1	1.38184797291939998E-3
2.57039578280581082E1	1.38184800264488628E-3
2.63026799193334648E1	1.38184800281458076E-3
2.69153480396592482E1	1.38184798961503796E-3
2.75422870337824843E1	1.38184801005745639E-3
2.81838293130563766E1	1.38184798801065201E-3
2.88403150316892098E1	1.38184798597238845E-3
2.95120922670986285E1	1.38184800488176984E-3
3.01995172044668614E1	1.38184793794109306E-3
3.09029543255948536E1	1.38184795556426687E-3
3.16227766021553158E1	1.38184799723779816E-3
3.23593656934472573E1	1.38184798710818546E-3
3.31131121487567981E1	1.38184792636521947E-3
3.38844156144315622E1	1.38184787783255358E-3
3.46736850457784485E1	1.38184793521440885E-3
3.54813389238971855E1	1.38184788428866323E-3
3.63078054775645054E1	1.38184792666796974E-3
3.71535229102867515E1	1.38184792525449107E-3
3.80189396326411488E1	1.38184788161790117E-3
3.89045145000290393E1	1.38184793598381983E-3
3.98107170559670731E1	1.38184787448494162E-3
4.07380277810454317E1	1.38184785290479728E-3
4.16869383476849542E1	1.38184788851753071E-3
4.26579518808283975E1	1.38184786011489114E-3
4.36515832247039182E1	1.38184783134779376E-3
4.46683592158023135E1	1.38184778898391403E-3
4.57088189622126784E1	1.38184779686700132E-3
4.67735141294646706E1	1.38184778038540923E-3
4.78630092330288903E1	1.38184777280700133E-3
4.89778819376304142E1	1.38184777673890347E-3
5.01187233635343166E1	1.38184773329707644E-3
5.12861383999654308E1	1.38184775312242381E-3
5.24807460258286440E1	1.38184770060579076E-3
5.37031796378996962E1	1.38184770206169372E-3
5.49540873866605217E1	1.38184766836959549E-3
5.62341325199572495E1	1.38184760295231346E-3
5.75439937346629460E1	1.38184763257945420E-3
5.88843655365317264E1	1.38184759162326820E-3
6.02559586084348631E1	1.38184759180453276E-3
6.16595001871742543E1	1.38184754484347105E-3
6.30957344490730243E1	1.38184753205273814E-3
6.45654229045476491E1	1.38184752713737846E-3
6.60693448018708374E1	1.38184750402805490E-3
6.76082975403393327E1	1.38184739068939355E-3
6.91830970930655109E1	1.38184740786904703E-3
7.07945784396171707E1	1.38184737622099751E-3
7.24435960087347297E1	1.38184734761973838E-3
7.41310241313606788E1	1.38184732800265264E-3
7.58577575042213859E1	1.38184729281994101E-3
7.76247116642071511E1	1.38184726398535163E-3
7.94328234738020278E1	1.38184724833102113E-3
8.12830516178206608E1	1.38184714521453378E-3
8.31763771117156558E1	1.38184708532196954E-3
8.51138038217250070E1	1.38184707649013472E-3
8.70963589971352725E1	1.38184703454084978E-3
8.91250938149426375E1	1.38184693727882735E-3
9.12010839372010373E1	1.38184688609661110E-3
9.33254300813522342E1	1.38184685962810461E-3
9.54992586038409286E1	1.38184680614922617E-3
9.77237220973237797E1	1.38184675140149449E-3
1.00000000001789258E2	1.38184666001321999E-3
1.02329299229912452E2	1.38184655872094986E-3
1.04712854806976030E2	1.38184653637910859E-3
1.07151930525697048E2	1.38184643604715562E-3
1.09647819616306541E2	1.38184637852067382E-3
1.12201845432237390E2	1.38184625423863716E-3
1.14815362151783718E2	1.38184621606505798E-3
1.17489755496104209E2	1.38184612495446557E-3
1.20226443463949817E2	1.38184599655540552E-3
1.23026877083505459E2	1.38184592424813601E-3
1.25892541181744355E2	1.38184578660264656E-3
1.28824955171702937E2	1.38184570937616136E-3
1.31825673858093784E2	1.38184557279319131E-3
1.34896288261683628E2	1.38184542734560578E-3
1.38038426462873653E2	1.38184533986802149E-3
1.41253754464929249E2	1.38184527036071314E-3
1.44543977077317010E2	1.38184508745496504E-3
1.47910838819617285E2	1.38184492261976710E-3
1.51356124846491524E2	1.38184480066910331E-3
1.54881661894194922E2	1.38184463977737737E-3
1.58489319249136229E2	1.38184445173065296E-3
1.62181009738998005E2	1.38184429581020862E-3
1.65958690746943271E2	1.38184409403943076E-3
1.69824365249446041E2	1.38184390843592353E-3
1.73780082878295694E2	1.38184374090103868E-3
1.77827941007339274E2	1.38184350247043430E-3
1.81970085864536446E2	1.38184330599682870E-3
1.86208713669918380E2	1.38184306581914118E-3
1.90546071800052319E2	1.38184282125060509E-3
1.94984459979630609E2	1.38184258264644977E-3
1.99526231500815032E2	1.38184231611595654E-3
2.04173794470983649E2	1.38184211298569304E-3
2.08929613089541011E2	1.38184178952457826E-3
2.13796208954469424E2	1.38184150301639863E-3
2.18776162399313368E2	1.38184116668548818E-3
2.23872113861306943E2	1.38184085018571046E-3
2.29086765281368177E2	1.38184053334268642E-3
2.34422881536703986E2	1.38184018324915558E-3
2.39883291906784857E2	1.38183978522074669E-3
2.45470891573466110E2	1.38183941988169545E-3
2.51188643156051672E2	1.38183893995441376E-3
2.57039578282113990E2	1.38183850935813313E-3
2.63026799194903260E2	1.38183809520487744E-3
2.69153480398197686E2	1.38183762192268311E-3
2.75422870339467440E2	1.38183714084996234E-3
2.81838293132244644E2	1.38183659938330616E-3
2.88403150318612145E2	1.38183607217099991E-3
2.95120922672746300E2	1.38183549951524132E-3
3.01995172046469618E2	1.38183490315622737E-3
3.09029543257791506E2	1.38183426329175130E-3
3.16227766023439072E2	1.38183361118804982E-3
3.23593656936402407E2	1.38183293701440402E-3
3.31131121489542801E2	1.38183225168526347E-3
3.38844156146336406E2	1.38183147931434558E-3
3.46736850459852386E2	1.38183065766256297E-3
3.54813389241087851E2	1.38182989222598485E-3
3.63078054777810388E2	1.38182901774517619E-3
3.71535229105083298E2	1.38182812206025218E-3
3.80189396328678919E2	1.38182717686691747E-3
3.89045145002610671E2	1.38182619203831569E-3
3.98107170562045010E2	1.38182516976504943E-3
4.07380277812883929E2	1.38182412033292823E-3
4.16869383479335731E2	1.38182293928911815E-3
4.26579518810828073E2	1.38182177744394252E-3
4.36515832249642521E2	1.38182051770617353E-3
4.46683592160687049E2	1.38181923748549051E-3
4.57088189624852781E2	1.38181787040429405E-3
4.67735141297436208E2	1.38181646851641338E-3
4.78630092333143420E2	1.38181494104678881E-3
4.89778819379225183E2	1.38181340912075168E-3
5.01187233638332241E2	1.38181174429103248E-3
5.12861384002713017E2	1.38181003114269374E-3
5.24807460261416381E2	1.38180824445486983E-3
5.37031796382199822E2	1.38180635768384907E-3
5.49540873869882684E2	1.38180438979300746E-3
5.62341325202926345E2	1.38180234435557336E-3
5.75439937350061381E2	1.38180016408996487E-3
5.88843655368829211E2	1.38179793178788168E-3
6.02559586087942289E2	1.38179553236165020E-3
6.16595001875419957E2	1.38179306942141511E-3
6.30957344494493277E2	1.38179045041032289E-3
6.45654229049327189E2	1.38178775704791090E-3
6.60693448022648955E2	1.38178492294500854E-3
6.76082975407425568E2	1.38178193479022937E-3
6.91830970934781231E2	1.38177880257048780E-3
7.07945784400394018E2	1.38177554534364844E-3
7.24435960091667930E2	1.38177214609203869E-3
7.41310241318028140E2	1.38176856839301920E-3
7.58577575046738151E2	1.38176481925420647E-3
7.76247116646701318E2	1.38176088889308968E-3
7.94328234742758088E2	1.38175678280738978E-3
8.12830516183054463E2	1.38175246171472654E-3
8.31763771122117390E2	1.38174796627431995E-3
8.51138038222326543E2	1.38174328000457813E-3
8.70963589976547325E2	1.38173825401388362E-3
8.91250938154742123E2	1.38173313230384043E-3
9.12010839377449756E2	1.38172770660513500E-3
9.33254300819088556E2	1.38172202671735778E-3
9.54992586044105174E2	1.38171612524116161E-3
9.77237220979066201E2	1.38170985033262816E-3
1.00000000002385692E3	1.38170336069288058E-3
1.02329299230522763E3	1.38169652722479497E-3
1.04712854807600553E3	1.38168941288315228E-3
1.07151930526336114E3	1.38168190553836334E-3
1.09647819616960485E3	1.38167409026914823E-3
1.12201845432906566E3	1.38166586711572204E-3
1.14815362152468459E3	1.38165724649502031E-3
1.17489755496804915E3	1.38164827541245661E-3
1.20226443464666866E3	1.38163890176406268E-3
1.23026877084239206E3	1.38162902405123100E-3
1.25892541182495199E3	1.38161867964149088E-3
1.28824955172471256E3	1.38160784819269522E-3
1.31825673858879977E3	1.38159656316939738E-3
1.34896288262488140E3	1.38158470031076686E-3
1.38038426463696906E3	1.38157227449400621E-3
1.41253754465771664E3	1.38155927453662342E-3
1.44543977078179031E3	1.38154563710973233E-3
1.47910838820499380E3	1.38153140551245990E-3
1.51356124847394158E3	1.38151645741232287E-3
1.54881661895118627E3	1.38150084903416492E-3
1.58489319250081451E3	1.38148445090675609E-3
1.62181009739965210E3	1.38146733898965679E-3
1.65958690747933058E3	1.38144941507594399E-3
1.69824365250458831E3	1.38143059856837125E-3
1.73780082879332132E3	1.38141089439964704E-3
1.77827941008399826E3	1.38139030746777003E-3
1.81970085865621733E3	1.38136872700648339E-3
1.86208713671028936E3	1.38134611867189694E-3
1.90546071801188721E3	1.38132248651546274E-3
1.94984459980793479E3	1.38129766570389312E-3
1.99526231502005014E3	1.38127173141190496E-3
2.04173794472201342E3	1.38124457732579331E-3
2.08929613090787081E3	1.38121610920138083E-3
2.13796208955744493E3	1.38118631719250895E-3
2.18776162400618190E3	1.38115511672759350E-3
2.23872113862642141E3	1.38112246723417154E-3
2.29086765282734461E3	1.38108821394877701E-3
2.34422881538102112E3	1.38105243973830305E-3
2.39883291908215535E3	1.38101493769095751E-3
2.45470891574930139E3	1.38097562506321880E-3
2.51188643157549851E3	1.38093451120369615E-3
2.57039578283647074E3	1.38089143448206220E-3
2.63026799196472050E3	1.38084633953733582E-3
2.69153480399803025E3	1.38079912340725253E-3
2.75422870341110126E3	1.38074962194497997E-3
2.81838293133925566E3	1.38069785774493736E-3
2.88403150320332191E3	1.38064365793065003E-3
2.95120922674506492E3	1.38058684318302616E-3
3.01995172048270799E3	1.38052737023566108E-3
3.09029543259634565E3	1.38046509201143630E-3
3.16227766025325163E3	1.38039987094384253E-3
3.23593656938332463E3	1.38033160247004605E-3
3.31131121491517755E3	1.38026005400800789E-3
3.38844156148357367E3	1.38018519869575340E-3
3.46736850461920421E3	1.38010677896368561E-3
3.54813389243204114E3	1.38002465845047029E-3
3.63078054779975901E3	1.37993864962796220E-3
3.71535229107299259E3	1.37984856814785184E-3
3.80189396330946483E3	1.37975426475775964E-3
3.89045145004930992E3	1.37965551024824595E-3
3.98107170564419466E3	1.37955210233731718E-3
4.07380277815313629E3	1.37944378432303250E-3
4.16869383481822098E3	1.37933038457060508E-3
4.26579518813372438E3	1.37921160170400192E-3
4.36515832252246128E3	1.37908721577747251E-3
4.46683592163351317E3	1.37895692488849297E-3
4.57088189627579045E3	1.37882054446103641E-3
4.67735141300226065E3	1.37867767765605320E-3
4.78630092335998292E3	1.37852808964468410E-3
4.89778819382146491E3	1.37837139792700780E-3
5.01187233641321495E3	1.37820733553815655E-3
5.12861384005771992E3	1.37803554740888901E-3
5.24807460264546677E3	1.37785556438878598E-3
5.37031796385402949E3	1.37766709219777517E-3
5.49540873873160507E3	1.37746973002794348E-3
5.62341325206280462E3	1.37726300831024151E-3
5.75439937353493569E3	1.37704654789005465E-3
5.88843655372341335E3	1.37681982646940648E-3
6.02559586091536303E3	1.37658239038789509E-3
6.16595001879097548E3	1.37633370586404258E-3
6.30957344498256667E3	1.37607326298730626E-3
6.45654229053178152E3	1.37580048231460994E-3
6.60693448026589447E3	1.37551477834002300E-3
6.76082975411457987E3	1.37521557744575684E-3
6.91830970938907619E3	1.37490218950685339E-3
7.07945784404616507E3	1.37457394295276680E-3
7.24435960095988918E3	1.37423014963861112E-3
7.41310241322449581E3	1.37387004714312821E-3
7.58577575051262709E3	1.37349287955881039E-3
7.76247116651331215E3	1.37309781449762913E-3
7.94328234747495809E3	1.37268402430925418E-3
8.12830516187902674E3	1.37225057562898933E-3
8.31763771127078577E3	1.37179656252260807E-3
8.51138038227403193E3	1.37132096596550990E-3
8.70963589981742281E3	1.37082280585068705E-3
8.91250938160057871E3	1.37030096540466628E-3
9.12010839382889316E3	1.36975430927385822E-3
9.33254300824654948E3	1.36918165884355503E-3
9.54992586049801062E3	1.36858174105944874E-3
9.77237220984894961E3	1.36795328301318242E-3
1.00000000002982103E4	1.36729488326150062E-3
1.02329299231133097E4	1.36660511913891258E-3
1.04712854808225120E4	1.36588247739482660E-3
1.07151930526975203E4	1.36512537106653697E-3
1.09647819617614495E4	1.36433210513903758E-3
1.12201845433575786E4	1.36350098585933610E-3
1.14815362153153311E4	1.36263014050485443E-3
1.17489755497505688E4	1.36171765911138976E-3
1.20226443465383959E4	1.36076152048018040E-3
1.23026877084972996E4	1.35975960957342235E-3
1.25892541183246065E4	1.35870968936400494E-3
1.28824955173239641E4	1.35760943510409260E-3
1.31825673859666237E4	1.35645638642463107E-3
1.34896288263292696E4	1.35524795682261567E-3
1.38038426464520203E4	1.35398143825611905E-3
1.41253754466614145E4	1.35265399412481457E-3
1.44543977079041119E4	1.35126262200037361E-3
1.47910838821381563E4	1.34980417657933760E-3
1.51356124848296902E4	1.34827536544616433E-3
1.54881661896042377E4	1.34667270813770945E-3
1.58489319251026695E4	1.34499254067054697E-3
1.62181009740932547E4	1.34323103426289925E-3
1.65958690748922844E4	1.34138413543935431E-3
1.69824365251471709E4	1.33944760296986365E-3
1.73780082880368592E4	1.33741695085528600E-3
1.77827941009460422E4	1.33528747966246097E-3
1.81970085866707021E4	1.33305422384838579E-3
1.86208713672139470E4	1.33071195954216748E-3
1.90546071802325168E4	1.32825518895711592E-3
1.94984459981956393E4	1.32567812157465137E-3
1.99526231503194995E4	1.32297465370633693E-3
2.04173794473419079E4	1.32013834224946836E-3
2.08929613092033239E4	1.31716241002714618E-3
2.13796208957019562E4	1.31403969796326159E-3
2.18776162401923013E4	1.31076266640351680E-3
2.23872113863977340E4	1.30732334531148631E-3
2.29086765284100746E4	1.30371333431841596E-3
2.34422881539500239E4	1.29992375001272453E-3
2.39883291909646257E4	1.29594522845565052E-3
2.45470891576394168E4	1.29176786695114298E-3
2.51188643159047942E4	1.28738119511880189E-3
2.57039578285180026E4	1.28277415433941444E-3
2.63026799198040750E4	1.27793504161391214E-3
2.69153480401408274E4	1.27285147601264725E-3
2.75422870342752812E4	1.26751035400318646E-3
2.81838293135606488E4	1.26189780769894888E-3
2.88403150322052282E4	1.25599914322751305E-3
2.95120922676266551E4	1.24979878849890502E-3
3.01995172050071847E4	1.24328024371514179E-3
3.09029543261477668E4	1.23642600542525605E-3
3.16227766027211121E4	1.22921750265656282E-3
3.23593656940262386E4	1.22163503015784514E-3
3.31131121493492708E4	1.21365765600513753E-3
3.38844156150378240E4	1.20526315047009969E-3
3.46736850463988366E4	1.19642787934057870E-3
3.54813389245320199E4	1.18712671573800810E-3
3.63078054782141280E4	1.17733292920826815E-3
3.71535229109515175E4	1.16701806571353894E-3
3.80189396333213958E4	1.15615182765958169E-3
3.89045145007251270E4	1.14470193668926856E-3
3.98107170566793789E4	1.13263397952141975E-3
4.07380277817743242E4	1.11991126370280725E-3
4.16869383484308287E4	1.10649463187693509E-3
4.26579518815916447E4	1.09234228582382609E-3
4.36515832254849379E4	1.07740957229316736E-3
4.46683592166015320E4	1.06164878023236997E-3
4.57088189630305131E4	1.04500888796534874E-3
4.67735141303015567E4	1.02743531678658440E-3
4.78630092338852720E4	1.00886964349135222E-3
4.89778819385067443E4	9.89249302999788149E-4
5.01187233644310659E4	9.68507260378910040E-4
5.12861384008830701E4	9.46571642471459818E-4
5.24807460267676440E4	9.23365361009818564E-4
5.37031796388605720E4	8.98805682090338287E-4
5.49540873876437885E4	8.72803770574310889E-4
5.62341325209634046E4	8.45264187945921996E-4
5.75439937356925491E4	8.16084347517796083E-4
5.88843655375853103E4	7.85153926135874425E-4
6.02559586095129784E4	7.52354214517568742E-4
6.16595001882774785E4	7.17557418488429377E-4
6.30957344502019346E4	6.80625890944396161E-4
6.45654229057028584E4	6.41411301398670197E-4
6.60693448030529673E4	5.99753727802600967E-4
6.76082975415489962E4	5.55480664306930905E-4
6.91830970943033474E4	5.08405944046591873E-4
7.07945784408838374E4	4.58328562148070962E-4
7.24435960100309195E4	4.05031389774693462E-4
7.41310241326870489E4	3.48279776790676010E-4
7.58577575055786468E4	2.87820018926013699E-4
7.76247116655960401E4	2.23377694825974427E-4
7.94328234752232731E4	1.54655842591744985E-4
8.12830516192749819E4	8.13329719523710004E-5
8.31763771132038698E4	3.06089562152754180E-6
8.51138038232479133E4	-8.05376434063906288E-5
8.70963589986936348E4	-1.69871559005693706E-4
8.91250938165373086E4	-2.65384250200570548E-4
9.12010839388328520E4	-3.67556692322578460E-4
9.33254300830220629E4	-4.76910812121986893E-4
9.54992586055496595E4	-5.94013175902175039E-4
9.77237220990722832E4	-7.19479025024191010E-4
1.00000000003578493E5	-8.53976682259881947E-4
1.02329299231743387E5	-9.98232367397541154E-4
1.04712854808849598E5	-1.15303546812579261E-3
1.07151930527614270E5	-1.31924429572819513E-3
1.09647819618268416E5	-1.49779238436799655E-3
1.12201845434244962E5	-1.68969537355340571E-3
1.14815362153838030E5	-1.89605854036424759E-3
1.17489755498206394E5	-2.11808503187539188E-3
1.20226443466100963E5	-2.35708487054564797E-3
1.23026877085706721E5	-2.61448480404277817E-3
1.25892541183996909E5	-2.89183907863120560E-3
1.28824955174007938E5	-3.19084121844003521E-3
1.31825673860452453E5	-3.51333691613200294E-3
1.34896288264097231E5	-3.86133812603817095E-3
1.38038426465343456E5	-4.23703848409959782E-3
1.41253754467456605E5	-4.64283016944213500E-3
1.44543977079903252E5	-5.08132234738370414E-3
1.47910838822263768E5	-5.55536134362245448E-3
1.51356124849199647E5	-6.06805270268651409E-3
1.54881661896966127E5	-6.62278531442004859E-3
1.58489319251971983E5	-7.22325779723872508E-3
1.62181009741899795E5	-7.87350733623506915E-3
1.65958690749912696E5	-8.57794122806677883E-3
1.69824365252484588E5	-9.34137134961651583E-3
1.73780082881405029E5	-1.01690518432896471E-2
1.77827941010521018E5	-1.10667202951713284E-2
1.81970085867792331E5	-1.20406427327290921E-2
1.86208713673250092E5	-1.30976627818677427E-2
1.90546071803461636E5	-1.42452553550598449E-2
1.94984459983119329E5	-1.54915852801092457E-2
1.99526231504385043E5	-1.68455712962921500E-2
2.04173794474636816E5	-1.83169558983487812E-2
2.08929613093279221E5	-1.99163815283775847E-2
2.13796208958294764E5	-2.16554736699675621E-2
2.18776162403227881E5	-2.35469314185659506E-2
2.23872113865312627E5	-2.56046261717331980E-2
2.29086765285467076E5	-2.78437090968186940E-2
2.34422881540898365E5	-3.02807280993382433E-2
2.39883291911076935E5	-3.29337550459501971E-2
2.45470891577858241E5	-3.58225240510011123E-2
2.51188643160546077E5	-3.89685816641778704E-2
2.57039578286713111E5	-4.23954498544584801E-2
2.63026799199609451E5	-4.61288027026021652E-2
2.69153480403013523E5	-5.01966577651430867E-2
2.75422870344395454E5	-5.46295830812326155E-2
2.81838293137287454E5	-5.94609208124452771E-2
2.88403150323772373E5	-6.47270285181409122E-2
2.95120922678026787E5	-7.04675390283518333E-2
3.01995172051873118E5	-7.67256398687346852E-2
3.09029543263320861E5	-8.35483731122435280E-2
3.16227766029097257E5	-9.09869564446053225E-2
3.23593656942192487E5	-9.90971261062154340E-2
3.31131121495467706E5	-1.07939502188308256E-1
3.38844156152399290E5	-1.17579976542733333E-1
3.46736850466056534E5	-1.28090123263787392E-1
3.54813389247436461E5	-1.39547631340089850E-1
3.63078054784306881E5	-1.52036758624166124E-1
3.71535229111731136E5	-1.65648805714762304E-1
3.80189396335481566E5	-1.80482607690981234E-1
3.89045145009571680E5	-1.96645040860530274E-1
3.98107170569168289E5	-2.14251540762838077E-1
4.07380277820173120E5	-2.33426626604302268E-1
4.16869383486794653E5	-2.54304426099999947E-1
4.26579518818460723E5	-2.77029193298590126E-1
4.36515832257453162E5	-3.01755810447828754E-1
4.46683592168679588E5	-3.28650263259593611E-1
4.57088189633031394E5	-3.57890077108003801E-1
4.67735141305805335E5	-3.89664699760484012E-1
4.78630092341707503E5	-4.24175814236555659E-1
4.89778819387988751E5	-4.61637563391741246E-1
5.01187233647299912E5	-5.02276665885213980E-1
5.12861384011889498E5	-5.46332401440733229E-1
5.24807460270806736E5	-5.94056441872594831E-1
5.37031796391808758E5	-6.45712503346940458E-1
5.49540873879715441E5	-7.01575795000296321E-1
5.62341325212988075E5	-7.61932239484599538E-1
5.75439937360357590E5	-8.27077442489831682E-1
5.88843655379365138E5	-8.97315390970790006E-1
6.02559586098723621E5	-9.72956863884579271E-1
6.16595001886452465E5	-1.05431754483254081E0
6.30957344505782913E5	-1.14171583320674630E0
6.45654229060879725E5	-1.23547035922408188E0
6.60693448034470521E5	-1.33589721849486365E0
6.76082975419522558E5	-1.44330695325478509E0
6.91830970947160218E5	-1.55800131968869193E0
7.07945784413061041E5	-1.68026989336813615E0
7.24435960104630272E5	-1.81038657701201067E0
7.41310241331292286E5	-1.94860608580643113E0
7.58577575060311382E5	-2.09516049453044007E0
7.76247116660590741E5	-2.25025593693162751E0
7.94328234756970808E5	-2.41406955041951399E0
8.12830516197598385E5	-2.58674675766050788E0
8.31763771137000063E5	-2.76839897072441898E0
8.51138038237555961E5	-2.95910179305262400E0
8.70963589992131482E5	-3.15889378001128263E0
8.91250938170689366E5	-3.36777580082388450E0
9.12010839393768435E5	-3.58571102419373666E0
9.33254300835787198E5	-3.81262552812371691E0
9.54992586061193016E5	-4.04840951259981807E0
9.77237220996552125E5	-4.29291907323823363E0
1.00000000004175016E6	-4.54597847588783477E0
1.02329299232353765E6	-4.80738285749530547E0
1.04712854809474232E6	-5.07690126796257069E0
1.07151930528253381E6	-5.35427996158816377E0
1.09647819618922471E6	-5.63924584499731196E0
1.12201845434914249E6	-5.93150999091442621E0
1.14815362154522926E6	-6.23077113317939713E0
1.17489755498907211E6	-6.53671906730768093E0
1.20226443466818123E6	-6.84903789184720324E0
1.23026877086440534E6	-7.16740903793951567E0
1.25892541184747797E6	-7.49151404707640189E0
1.28824955174776323E6	-7.82103706937790832E0
1.31825673861238757E6	-8.15566706624052884E0
1.34896288264901854E6	-8.49509971153235277E0
1.38038426466166819E6	-8.83903899436878859E0
1.41253754468299109E6	-9.18719853377714202E0
1.44543977080765362E6	-9.53930262122498007E0
1.47910838823145907E6	-9.89508701112596256E0
1.51356124850102391E6	-1.02542994821822564E1
1.54881661897889900E6	-1.06167001939460159E1
1.58489319252917271E6	-1.09820618634793932E1
1.62181009742867133E6	-1.13501697866720308E1
1.65958690750902571E6	-1.17208217278028259E1
1.69824365253497445E6	-1.20938276995114036E1
1.73780082882441533E6	-1.24690096536013506E1
1.77827941011581681E6	-1.28462011011733845E1
1.81970085868877685E6	-1.32252466785842060E1
1.86208713674360693E6	-1.36060016737215972E1
1.90546071804598149E6	-1.39883315251500262E1
1.94984459984282310E6	-1.43721113048454963E1
1.99526231505575069E6	-1.47572251935450072E1
2.04173794475854553E6	-1.51435659561876834E1
2.08929613094525379E6	-1.55310344235450781E1
2.13796208959569878E6	-1.59195389849111391E1
2.18776162404532704E6	-1.63089950956532048E1
2.23872113866647826E6	-1.66993248025062124E1
2.29086765286833449E6	-1.70904562887035705E1
2.34422881542296579E6	-1.74823234403723471E1
2.39883291912507790E6	-1.78748654350736236E1
2.45470891579322315E6	-1.82680263529066456E1
2.51188643162044301E6	-1.86617548102337727E1
2.57039578288246284E6	-1.90560036157791535E1
2.63026799201178330E6	-1.94507294486314319E1
2.69153480404618950E6	-1.98458925574976908E1
2.75422870346038229E6	-2.02414564804258612E1
2.81838293138968465E6	-2.06373877841185571E1
2.88403150325492641E6	-2.10336558219009229E1
2.95120922679787068E6	-2.14302325093645596E1
3.01995172053674343E6	-2.18270921166966581E1
3.09029543265164008E6	-2.22242110767032885E1
3.16227766030983393E6	-2.26215678075481641E1
3.23593656944122454E6	-2.30191425492523738E1
3.31131121497442527E6	-2.34169172130323933E1
3.38844156154420251E6	-2.38148752425877053E1
3.46736850468124524E6	-2.42130014864924759E1
3.54813389249552680E6	-2.46112820808854416E1
3.63078054786472304E6	-2.50097043416979314E1
3.71535229113946963E6	-2.54082566657030062E1
3.80189396337749042E6	-2.58069284397131948E1
3.89045145011892135E6	-2.62057099572970431E1
3.98107170571542657E6	-2.66045923424262298E1
4.07380277822602821E6	-2.70035674795068337E1
4.16869383489281109E6	-2.74026279492839775E1
4.26579518821004999E6	-2.78017669701496972E1
4.36515832260056591E6	-2.82009783444149020E1
4.46683592171343680E6	-2.86002564091417355E1
4.57088189635757480E6	-2.89995959911624324E1
4.67735141308594926E6	-2.93989923659397157E1
4.78630092344562108E6	-2.97984412199505577E1
4.89778819390909792E6	-3.01979386163014052E1
5.01187233650288988E6	-3.05974809633044531E1
5.12861384014948207E6	-3.09970649857686853E1
5.24807460273936677E6	-3.13966876987770815E1
5.37031796395011707E6	-3.17963463837418248E1
5.49540873882993086E6	-3.21960385665460924E1
5.62341325216342103E6	-3.25957619975960577E1
5.75439937363789600E6	-3.29955146336227845E1
5.88843655382877174E6	-3.33952946210864798E1
6.02559586102317546E6	-3.37951002810474765E1
6.16595001890130057E6	-3.41949300953811086E1
6.30957344509545948E6	-3.45947826942227810E1
6.45654229064730600E6	-3.49946568445401152E1
6.60693448038410924E6	-3.53945514397377803E1
6.76082975423554622E6	-3.57944654902079895E1
6.91830970951286162E6	-3.61943981147485250E1
7.07945784417283441E6	-3.65943485327755358E1
7.24435960108950638E6	-3.69943160572656371E1
7.41310241335713460E6	-3.73943000883673671E1
7.58577575064835408E6	-3.77943001076268104E1
7.76247116665220194E6	-3.81943156727779121E1
7.94328234761707996E6	-3.85943464130516833E1
8.12830516202446063E6	-3.89943920249628473E1
8.31763771141960540E6	-3.93944522685365595E1
8.51138038242632078E6	-3.97945269639401200E1
8.70963589997325904E6	-4.01946159884893106E1
8.91250938176004581E6	-4.05947192740002283E1
9.12010839399207462E6	-4.09948368044614053E1
9.33254300841353235E6	-4.13949686140025097E1
9.54992586066888371E6	-4.17951147851385052E1
9.77237221002379997E6	-4.21952754472701042E1
1.00000000004771361E7	-4.25954507754233092E1
1.02329299232964011E7	-4.29956409892120472E1
1.04712854810098688E7	-4.33958463520100590E1
1.07151930528892447E7	-4.37960671703192084E1
1.09647819619576370E7	-4.41963037933227643E1
1.12201845435583358E7	-4.45965566126135382E1
1.14815362155207623E7	-4.49968260620875071E1
1.17489755499607851E7	-4.53971126179949813E1
1.20226443467535082E7	-4.57974167991419012E1
1.23026877087174258E7	-4.61977391672349835E1
1.25892541185498574E7	-4.65980803273648281E1
1.28824955175544642E7	-4.69984409286224114E1
1.31825673862024972E7	-4.73988216648441263E1
1.34896288265706343E7	-4.77992232754821345E1
1.38038426466990072E7	-4.81996465465963997E1
1.41253754469141546E7	-4.86000923119658967E1
1.44543977081627406E7	-4.90005614543166512E1
1.47910838824028068E7	-4.94010549066645677E1
1.51356124851005047E7	-4.98015736537716069E1
1.54881661898813627E7	-5.02021187337140251E1
1.58489319253862537E7	-5.06026912395615636E1
1.62181009743834403E7	-5.10032923211669598E1
1.65958690751892357E7	-5.14039231870652102E1
1.69824365254510345E7	-5.18045851064820351E1
1.73780082883477971E7	-5.22052794114514196E1
1.77827941012642299E7	-5.26060074990419668E1
1.81970085869963016E7	-5.30067708336919807E1
1.86208713675471316E7	-5.34075709496530315E1
1.90546071805734618E7	-5.38084094535420121E1
1.94984459985445246E7	-5.42092880270013922E1
1.99526231506765117E7	-5.46102084294673862E1
2.04173794477072379E7	-5.50111725010454400E1
2.08929613095771582E7	-5.54121821654926894E1
2.13796208960845036E7	-5.58132394333061033E1
2.18776162405837615E7	-5.62143464049153785E1
2.23872113867983114E7	-5.66155052739789255E1
2.29086765288199867E7	-5.70167183307809289E1
2.34422881543694750E7	-5.74179879657271552E1
2.39883291913938512E7	-5.78193166729363117E1
2.45470891580786388E7	-5.82207070539235882E1
2.51188643163542391E7	-5.86221618213716944E1
2.57039578289779280E7	-5.90236838029846744E1
2.63026799202747075E7	-5.94252759454180701E1
2.69153480406224244E7	-5.98269413182788057E1
2.75422870347680959E7	-6.02286831181864635E1
2.81838293140649387E7	-6.06305046728867580E1
2.88403150327212732E7	-6.10324094454065769E1
2.95120922681547260E7	-6.14344010382385530E1
3.01995172055475569E7	-6.18364831975413942E1
3.09029543267007289E7	-6.22386598173407268E1
3.16227766032869440E7	-6.26409349437129226E1
3.23593656946052466E7	-6.30433127789326964E1
3.31131121499417702E7	-6.34457976855628303E1
3.38844156156441301E7	-6.38483941904617769E1
3.46736850470192559E7	-6.42511069886826824E1
3.54813389251669031E7	-6.46539409472341742E1
3.63078054788638038E7	-6.50569011086702886E1
3.71535229116163146E7	-6.54599926944738808E1
3.80189396340016827E7	-6.58632211081939278E1
3.89045145014212590E7	-6.62665919382937396E1
3.98107170573917291E7	-6.66701109606631626E1
4.07380277825032699E7	-6.70737841407431112E1
4.16869383491767387E7	-6.74776176352070234E1
4.26579518823549275E7	-6.78816177931384157E1
4.36515832262660197E7	-6.82857911566393305E1
4.46683592174007948E7	-6.86901444607986811E1
4.57088189638483833E7	-6.90946846329445652E1
4.67735141311384872E7	-6.94994187910986660E1
4.78630092347416980E7	-6.99043542415448371E1
4.89778819393831277E7	-7.03094984754184349E1
5.01187233653278419E7	-7.07148591642162216E1
5.12861384018007538E7	-7.11204441541206300E1
5.24807460277066973E7	-7.15262614590257861E1
5.37031796398215011E7	-7.19323192521462129E1
5.49540873886270909E7	-7.23386258560826878E1
5.62341325219696131E7	-7.27451897312139018E1
5.75439937367221965E7	-7.31520194622759767E1
5.88843655386389386E7	-7.35591237429864009E1
6.02559586105911649E7	-7.39665113585638245E1
6.16595001893808004E7	-7.43741911659896182E1
6.30957344513309515E7	-7.47821720718538518E1
6.45654229068581742E7	-7.51904630076238067E1
6.60693448042351683E7	-7.55990729021717378E1
6.76082975427587662E7	-7.60080106513964004E1
6.91830970955412816E7	-7.64172850847732299E1
7.07945784421506108E7	-7.68269049286692773E1
7.24435960113271893E7	-7.72368787662624090E1
7.41310241340135434E7	-7.76472149939087863E1
7.58577575069360144E7	-7.80579217738106657E1
7.76247116669850357E7	-7.84690069828450731E1
7.94328234766446251E7	-7.88804781574273051E1
8.12830516207294806E7	-7.92923424342972005E1
8.31763771146922082E7	-7.97046064871349635E1
8.51138038247709083E7	-8.01172764589343878E1
8.70963590002521215E7	-8.05303578900863215E1
8.91250938181321040E7	-8.09438556421542010E1
9.12010839404647733E7	-8.13577738173551523E1
9.33254300846919804E7	-8.17721156737974297E1
9.54992586072584615E7	-8.21868835365647676E1
9.77237221008209289E7	-8.26020787047828975E1
1.00000000000000000E8	-8.30177013538828135E1


